1778405128905 451.55555605888367 0
1778405582893 453.9564356803894 1
1778406036829 453.90211272239685 2
1778406490399 453.53597474098206 3
1778406942631 452.1980810165405 4
1778407396114 453.4436173439026 5
1778407849259 453.1186954975128 6
1778408302995 453.7135856151581 7
1778408756065 453.03730869293213 8
1778409209698 453.6002655029297 9
1778409663031 453.2965040206909 10
1778410116921 453.8581864833832 11
1778410570205 453.24525928497314 12
1778411023267 453.0282406806946 13
1778411476417 453.1082532405853 14
1778411930481 454.0219295024872 15
1778412384140 453.6303241252899 16
1778412837028 452.8546438217163 17
1778413289625 452.5609805583954 18
1778413743514 453.8396463394165 19
