1778405128905 0.00010594756088100147 0
1778405582893 0.00010522506756196268 1
1778406036829 0.00010307729533919016 2
1778406490399 9.956282984009685e-05 3
1778406942631 9.477753652197019e-05 4
1778407396114 8.885194571220002e-05 5
1778407849259 8.194769208121447e-05 6
1778408302995 7.425310567002085e-05 7
1778408756065 6.59780747376268e-05 8
1778409209698 5.734832055647233e-05 9
1778409663031 4.8599240324529144e-05 10
1778410116921 3.996948614337468e-05 11
1778410570205 3.169445521098064e-05 12
1778411023267 2.3999868799787024e-05 13
1778411476417 1.7095615168801466e-05 14
1778411930481 1.117002435903128e-05 15
1778412384140 6.38473104090462e-06 16
1778412837028 2.8702655418112997e-06 17
1778413289625 7.224933190387922e-07 18
1778413743514 0.0 19
