1778405128905 0.07954624029460235 0
1778405582893 0.07682942094084402 1
1778406036829 0.07624612363028536 2
1778406490399 0.07594044813825644 3
1778406942631 0.07575558710355214 4
1778407396114 0.07557387421442817 5
1778407849259 0.07544089232011106 6
1778408302995 0.07530277727372844 7
1778408756065 0.07518545761547733 8
1778409209698 0.07507884570682176 9
1778409663031 0.07497452545998912 10
1778410116921 0.07487885218252939 11
1778410570205 0.07480176427313698 12
1778411023267 0.07471459849383907 13
1778411476417 0.07463635996232035 14
1778411930481 0.07458952905720222 15
1778412384140 0.07452452176301047 16
1778412837028 0.07447186061474881 17
1778413289625 0.07444399071332723 18
1778413743514 0.07443423433877419 19
