1778769470405 0.00030062957957001574 0
1778770849308 0.00029857948175805444 1
1778772229951 0.00029248510964627474 2
1778773611413 0.0002825127018190436 3
1778774993853 0.0002689342795657608 4
1778776376747 0.0002521202268491909 5
1778777759785 0.00023252918719647776 6
1778779143216 0.00021069555309931846 7
1778780526873 0.00018721488917984735 8
1778781910964 0.00016272768674026507 9
1778783295561 0.0001379018928297507 10
1778784680115 0.0001134146903901684 11
1778786065694 8.993402647069733e-05 12
