1778885065705 883.855854511261 0
1778885956235 890.4883613586426 1
1778886846809 890.5325391292572 2
1778887737706 890.8636949062347 3
1778888629527 891.7861983776093 4
1778889520555 890.993301153183 5
1778890412403 891.826780796051 6
1778891304075 891.6369316577911 7
1778892195010 890.9048175811768 8
1778893133389 938.3429296016693 9
1778894129578 996.161719083786 10
1778895115148 985.5387263298035 11
1778896116383 1001.1993541717529 12
1778897112445 996.0397880077362 13
1778898134787 1022.310937166214 14
