1778885065705 0.0001813854897027743 0
1778885956235 0.0001801485588721719 1
1778886846809 0.00017647150662898555 2
1778887737706 0.0001704546333730496 3
1778888629527 0.00016226206372196795 4
1778889520555 0.000152117269619387 5
1778890412403 0.00014029697460292057 6
1778891304075 0.00012712360550740852 7
1778892195010 0.00011295649750136612 8
1778893133389 9.818209236030395e-05 9
1778894129578 8.320339734247036e-05 10
1778895115148 6.842899220140817e-05 11
1778896116383 5.42618841953658e-05 12
1778897112445 4.108851509985375e-05 13
1778898134787 2.926822008338734e-05 14
