1778885065705 0.07478614700488098 0
1778885956235 0.07322362332973519 1
1778886846809 0.07287511973030177 2
1778887737706 0.07265614450707918 3
1778888629527 0.07248615171772203 4
1778889520555 0.07232787215866834 5
1778890412403 0.07218317388239584 6
1778891304075 0.0720378879565858 7
1778892195010 0.07188726024627276 8
1778893133389 0.07173264921947546 9
1778894129578 0.07156748271648075 10
1778895115148 0.07139350683758366 11
1778896116383 0.0712075766986107 12
1778897112445 0.07101384128988812 13
1778898134787 0.07082918671725956 14
